------------------------------------------------------------------------------------------------------------------------------------------------------------------------------------------------
i                             x_i                           sin(x_i)                      D_i                           
------------------------------------------------------------------------------------------------------------------------------------------------------------------------------------------------
0                             0.0                           0.000000                      0.0                           
1                             0.2                           0.198669                      0.9933466539753061            
2                             0.4                           0.389418                      -0.09900399101839902          
3                             0.6                           0.564642                      -0.1584283572027603           
4                             0.8                           0.717356                      0.016117916433317815          
5                             1.0                           0.841471                      0.007252477849936274          
6                             1.2                           0.932039                      -7.764198921153629E-4         

------------------------------------------------------------------------------------------------------------------------------------------------------------------------------------------------
n                             Pn(0.1)                       Pn(0.3)                       Pn(0.5)                       
------------------------------------------------------------------------------------------------------------------------------------------------------------------------------------------------
1                             0.0993347                     0.2980040                     0.4966733                     
2                             0.1003247                     0.2950339                     0.4818227                     
3                             0.0998494                     0.2955092                     0.4794463                     
4                             0.0998252                     0.2955237                     0.4794221                     
5                             0.0998329                     0.2955204                     0.4794254                     
6                             0.0998336                     0.2955202                     0.4794256                     
