------------------------------------------------------------------------------------------------------------------------------------------------------------------------------------------------
n                             x_n                           f(x_n)                        x_n - x_(n-1)                 
------------------------------------------------------------------------------------------------------------------------------------------------------------------------------------------------
0                             0.5235987755982988000000000   0.3424266281861399000000000   
1                             0.7853981633974483000000000   -0.0782913822109007000000000  0.2617993877991494600000000   
2                             0.7366799354484714000000000   0.0040232285588305270000000   -0.0487182279489768440000000  
3                             0.7390610991834036000000000   0.0000402234311962512700000   0.0023811637349321346000000   
4                             0.7390851459954437000000000   -0.0000000213892356049072420  0.0000240468120401571300000   
5                             0.7390851332150928000000000   0.0000000000001134647931167   -0.0000000127803508886970000  
6                             0.7390851332151607000000000   0.0000000000000000000000000   0.0000000000000678346268046   
7                             0.7390851332151607000000000   0.0000000000000000000000000   0.0000000000000000000000000   
f(x) = 0.0