------------------------------------------------------------------------------------------------------------------------------------------------------------------------------------------------
j                             x_j                           a_j = f(x_j)                  b_j                           c_j                           d_j                           
------------------------------------------------------------------------------------------------------------------------------------------------------------------------------------------------
0                             17.0                          4.5                           1.106                         0.000                         -0.030                        
1                             20.0                          7.0                           0.289                         -0.272                        0.025                         
2                             23.0                          6.1                           -0.660                        -0.044                        0.204                         
3                             24.0                          5.6                           -0.137                        0.567                         -0.230                        
4                             25.0                          5.8                           0.306                         -0.124                        -0.089                        
5                             27.0                          5.2                           -1.263                        -0.660                        0.314                         
6                             27.7                          4.1                           
