This is a system of 6 equations with 6 unknowns
k                             x 0                           x 1                           x 2                           x 3                           x 4                           x 5                           diff                          
================================================================================================================================================================================
0                             0.0000                       0.0000                       0.0000                       0.0000                       0.0000                       0.0000                       
1                             0.0000                       1.2500                       0.3125                       1.5000                       0.1875                       1.6250                       -2.5663                       
2                             0.6875                       1.5469                       0.7930                       1.7188                       0.7227                       1.8789                       -0.6742                       
3                             0.8164                       1.8330                       0.9280                       1.8848                       0.8992                       1.9568                       -0.3758                       
4                             0.9294                       1.9391                       0.9740                       1.9572                       0.9633                       1.9843                       -0.1611                       
5                             0.9741                       1.9778                       0.9905                       1.9843                       0.9866                       1.9943                       -0.0606                       
6                             0.9905                       1.9919                       0.9966                       1.9943                       0.9951                       1.9979                       -0.0222                       
7                             0.9966                       1.9971                       0.9987                       1.9979                       0.9982                       1.9992                       -0.0081                       
8                             0.9987                       1.9989                       0.9995                       1.9992                       0.9994                       1.9997                       -0.0030                       
9                             0.9995                       1.9996                       0.9998                       1.9997                       0.9998                       1.9999                       -0.0011                       
10                            0.9998                       1.9999                       0.9999                       1.9999                       0.9999                       2.0000                       -0.0004                       
11                            0.9999                       1.9999                       1.0000                       2.0000                       1.0000                       2.0000                       -0.0001                       
12                            1.0000                       2.0000                       1.0000                       2.0000                       1.0000                       2.0000                       -0.0001                       

A = 
| 4.000 | -1.000 | 0.000 | -1.000 | 0.000 | 0.000 

| -1.000 | 4.000 | -1.000 | 0.000 | -1.000 | 0.000 

| 0.000 | -1.000 | 4.000 | 0.000 | 0.000 | -1.000 

| -1.000 | 0.000 | 0.000 | 4.000 | -1.000 | 0.000 

| 0.000 | -1.000 | 0.000 | -1.000 | 4.000 | -1.000 

| 0.000 | 0.000 | -1.000 | 0.000 | -1.000 | 4.000 


x = 
| 1.000 | 2.000 | 1.000 | 2.000 | 1.000 | 2.000 

b = 
| 0.000 | 5.000 | 0.000 | 6.000 | -2.000 | 6.000 

